e_body			1 0.65 0.75				1 1 1  		100
e_eyes			0.3 0.3 0.3				1 1 1		100
e_head 			1 0.65 0.75				1 1 1  		100
e_legLB 		1 0.65 0.75				1 1 1  		100	
e_legLF 		1 0.65 0.75				1 1 1  		100	
e_legRB 		1 0.65 0.75				1 1 1  		100	
e_legRF 		1 0.65 0.75				1 1 1  		100	
e_tail 			1 0.65 0.75				1 1 1  		100	
cups 			0.462 0.362 0.471			1 1 1		100
floor 			1 0.811241 0.543982			0.75 0.75 0.75	75
lamp_cable 		0.051411 0.051411 0.051411		0.5 0.5 0.5	25
lamp_shade 		1.0 0.903915 0.648943			0.5 0.5 0.5	25	
picture1 		0.4 0.2 0				0.5 0.5 0.5	5
picture2 		0.4 0.2 0				0.5 0.5 0.5	5
picture3 		0.4 0.2 0				0.5 0.5 0.5	5	
plates 			0.487 0.451 0.257			1 1 1		100		
table 			0.4 0.2 0				0.5 0.5 0.5	5
vase1 			0.82713 0.633282 0.529468		1 1 1  		100	
vase2 			0.462 0.362 0.471			1 1 1  		100	
wall 			0.993972 0.933087 0.816981		0.25 0.25 0.25	1
window 			0.4 0.2 0				0.5 0.5 0.5	5
tex_picture1 		1 1 1 					1 1 1		0
tex_picture2 		1 1 1 					1 1 1		0
tex_picture3 		1 1 1 					1 1 1		0